1.000000 1.000000 1.000000 1.000000 0.000000 
1.000000 1.000000 1.000000 1.000000 0.000000 
1.000000 1.000000 1.000000 1.000000 0.000000 
0.984924 1.006884 0.987295 1.010539 0.000000 
0.998311 1.014793 0.983692 1.004717 0.000000 
1.027213 1.018599 0.989314 1.002004 0.000000 
1.027213 1.018599 0.989314 1.002004 0.000000 
1.026411 1.010276 0.995363 0.994335 0.000000 
1.010484 1.025531 0.986340 0.983821 0.000000 
1.016854 1.023919 0.986896 0.972876 0.000000 
1.016854 1.023919 0.986896 0.972876 0.000000 
1.016854 1.023919 0.986896 0.972876 0.000000 
1.028451 1.024520 0.999675 0.979980 0.000000 
1.037803 1.038218 1.003336 0.988982 0.000000 
1.035995 1.037878 0.999569 0.976649 0.000000 
1.035995 1.037878 0.999569 0.976649 0.000000 
1.033983 1.037514 1.009983 0.983440 0.000000 
1.033983 1.037514 1.009983 0.983440 0.000000 
1.036435 1.038166 0.988711 0.978068 0.000000 
1.036435 1.038166 0.988711 0.978068 0.000000 
1.036435 1.038166 0.988711 0.978068 0.000000 
1.034205 1.051919 0.980269 0.965727 0.000000 
1.034205 1.051919 0.980269 0.965727 0.000000 
1.034205 1.051919 0.980269 0.965727 0.000000 
1.039798 1.046262 0.973843 0.948513 0.000000 
1.028230 1.060438 0.976197 0.948003 0.000000 
1.028230 1.060438 0.976197 0.948003 0.000000 
1.033653 1.070537 0.987308 0.951371 0.000000 
1.033653 1.070537 0.987308 0.951371 0.000000 
1.031518 1.081964 0.997576 0.955873 0.000000 
1.031518 1.081964 0.997576 0.955873 0.000000 
1.031518 1.081964 0.997576 0.955873 0.000000 
1.038216 1.074146 0.986935 0.937594 0.000000 
1.038216 1.074146 0.986935 0.937594 0.000000 
1.014806 1.083508 0.986007 0.930088 0.000000 
0.997155 1.107870 0.995321 0.916666 0.000000 
0.997155 1.107870 0.995321 0.916666 0.000000 
1.010773 1.115319 0.995377 0.928244 0.000000 
1.004907 1.117469 1.006524 0.908034 0.000000 
0.990310 1.105501 0.988915 0.876498 0.000000 
0.990310 1.105501 0.988915 0.876498 0.000000 
0.975766 1.102927 1.007454 0.877722 0.000000 
0.975766 1.102927 1.007454 0.877722 0.000000 
0.970029 1.100013 0.994749 0.866230 0.000000 
0.970029 1.100013 0.994749 0.866230 0.000000 
0.970029 1.100013 0.994749 0.866230 0.000000 
0.970029 1.100013 0.994749 0.866230 0.000000 
0.966884 1.099967 1.014629 0.859636 0.000000 
0.973951 1.115416 0.999461 0.847237 0.000000 
0.973951 1.115416 0.999461 0.847237 0.000000 
0.976421 1.126540 1.008846 0.839342 0.000000 
0.976421 1.126540 1.008846 0.839342 0.000000 
0.972348 1.135238 1.020753 0.850287 0.000000 
0.980244 1.142663 1.020889 0.843761 0.000000 
0.992583 1.155504 1.031458 0.853590 0.000000 
0.992583 1.155504 1.031458 0.853590 0.000000 
0.985110 1.149915 1.030412 0.839598 0.000000 
0.985110 1.149915 1.030412 0.839598 0.000000 
0.983388 1.136882 1.032491 0.840966 0.000000 
0.983776 1.162633 1.036022 0.852976 0.000000 
0.983776 1.162633 1.036022 0.852976 0.000000 
0.992709 1.152572 1.033549 0.833736 0.000000 
0.992709 1.152572 1.033549 0.833736 0.000000 
1.000281 1.155461 1.037623 0.832143 0.000000 
1.001347 1.172130 1.039305 0.821776 0.000000 
0.991295 1.176416 1.046629 0.821866 0.000000 
0.990651 1.183276 1.038629 0.804665 0.000000 
0.984874 1.176086 1.062017 0.804384 0.000000 
0.984874 1.176086 1.062017 0.804384 0.000000 
0.967603 1.175472 1.054816 0.799767 0.000000 
0.967603 1.175472 1.054816 0.799767 0.000000 
0.985920 1.171324 1.048664 0.797281 0.000000 
0.985920 1.171324 1.048664 0.797281 0.000000 
0.975990 1.171201 1.033705 0.797228 0.000000 
0.959851 1.175341 1.033696 0.784412 0.000000 
0.966328 1.181634 1.043181 0.789500 0.000000 
0.959235 1.188479 1.047600 0.795381 0.000000 
0.959235 1.188479 1.047600 0.795381 0.000000 
0.959235 1.188479 1.047600 0.795381 0.000000 
0.960108 1.190888 1.050579 0.786367 0.000000 
0.960108 1.190888 1.050579 0.786367 0.000000 
0.960108 1.190888 1.050579 0.786367 0.000000 
0.966895 1.193388 1.057181 0.775431 0.000000 
0.951373 1.186704 1.074626 0.755512 0.000000 
0.959387 1.205594 1.078280 0.763589 0.000000 
0.946015 1.207279 1.082919 0.763749 0.000000 
0.934973 1.225011 1.073957 0.748586 0.000000 
0.943140 1.238369 1.093889 0.742550 0.000000 
0.943140 1.238369 1.093889 0.742550 0.000000 
0.943140 1.238369 1.093889 0.742550 0.000000 
0.940021 1.237740 1.086211 0.723536 0.000000 
0.937543 1.247557 1.089648 0.712361 0.000000 
0.937543 1.247557 1.089648 0.712361 0.000000 
0.929459 1.264565 1.087289 0.718657 0.000000 
0.929459 1.264565 1.087289 0.718657 0.000000 
0.907706 1.274019 1.090854 0.721907 0.000000 
0.907706 1.274019 1.090854 0.721907 0.000000 
0.914230 1.281557 1.092561 0.713277 0.000000 
0.914230 1.281557 1.092561 0.713277 0.000000 
0.908672 1.280075 1.082404 0.697018 0.000000 
0.913390 1.292696 1.090327 0.685057 0.000000 
0.913390 1.292696 1.090327 0.685057 0.000000 
0.904211 1.294552 1.097626 0.686861 0.000000 
0.907341 1.294662 1.108063 0.679570 0.000000 
0.907229 1.305240 1.113074 0.678447 0.000000 
0.890136 1.309115 1.109761 0.660038 0.000000 
0.890136 1.309115 1.109761 0.660038 0.000000 
0.908003 1.310213 1.122307 0.660852 0.000000 
0.908003 1.310213 1.122307 0.660852 0.000000 
0.908003 1.310213 1.122307 0.660852 0.000000 
0.908003 1.310213 1.122307 0.660852 0.000000 
0.887448 1.315595 1.129128 0.652840 0.000000 
0.886622 1.313126 1.129652 0.642662 0.000000 
0.886622 1.313126 1.129652 0.642662 0.000000 
0.897943 1.309072 1.141247 0.648544 0.000000 
0.897943 1.309072 1.141247 0.648544 0.000000 
0.897943 1.309072 1.141247 0.648544 0.000000 
0.896374 1.325829 1.142843 0.648415 0.000000 
0.895803 1.324857 1.145407 0.646610 0.000000 
0.895803 1.324857 1.145407 0.646610 0.000000 
0.895803 1.324857 1.145407 0.646610 0.000000 
0.895803 1.324857 1.145407 0.646610 0.000000 
0.932519 1.327703 1.132862 0.649559 0.000000 
0.939240 1.325026 1.131131 0.639083 0.000000 
0.939240 1.325026 1.131131 0.639083 0.000000 
0.939200 1.337166 1.131676 0.628174 0.000000 
0.939200 1.337166 1.131676 0.628174 0.000000 
0.939550 1.332395 1.136448 0.614628 0.000000 
0.955890 1.327848 1.153324 0.602427 0.000000 
0.956239 1.345443 1.158163 0.606638 0.000000 
0.958329 1.342169 1.168777 0.608155 0.000000 
0.958329 1.342169 1.168777 0.608155 0.000000 
0.954084 1.341328 1.146609 0.594609 0.000000 
0.954084 1.341328 1.146609 0.594609 0.000000 
0.954084 1.341328 1.146609 0.594609 0.000000 
0.930371 1.336338 1.161199 0.596828 0.000000 
0.930371 1.336338 1.161199 0.596828 0.000000 
0.932625 1.329999 1.156042 0.592359 0.000000 
0.932625 1.329999 1.156042 0.592359 0.000000 
0.923539 1.326633 1.151905 0.584207 0.000000 
0.923539 1.326633 1.151905 0.584207 0.000000 
0.923539 1.326633 1.151905 0.584207 0.000000 
0.932431 1.323257 1.157887 0.592487 0.000000 
0.932431 1.323257 1.157887 0.592487 0.000000 
0.920668 1.325481 1.162168 0.595732 0.000000 
0.912122 1.326589 1.158070 0.584339 0.000000 
0.908138 1.327986 1.154764 0.580943 0.000000 
0.902749 1.316444 1.135413 0.569595 0.000000 
0.912046 1.339267 1.132017 0.560158 0.000000 
0.912046 1.339267 1.132017 0.560158 0.000000 
0.902601 1.343538 1.130043 0.562456 0.000000 
0.902601 1.343538 1.130043 0.562456 0.000000 
0.920855 1.339664 1.142617 0.562977 0.000000 
0.919213 1.326378 1.153144 0.547837 0.000000 
0.919213 1.326378 1.153144 0.547837 0.000000 
0.917273 1.318923 1.141914 0.529750 0.000000 
0.917273 1.318923 1.141914 0.529750 0.000000 
0.917273 1.318923 1.141914 0.529750 0.000000 
0.900822 1.298914 1.150767 0.523433 0.000000 
0.899150 1.297584 1.169609 0.517963 0.000000 
0.912711 1.283346 1.180561 0.509425 0.000000 
0.929584 1.269565 1.180342 0.505107 0.000000 
0.928841 1.274508 1.188641 0.496537 0.000000 
0.928841 1.274508 1.188641 0.496537 0.000000 
0.924882 1.287068 1.173904 0.498456 0.000000 
0.928037 1.286282 1.179981 0.499839 0.000000 
0.928037 1.286282 1.179981 0.499839 0.000000 
0.931418 1.291465 1.184754 0.511701 0.000000 
0.931418 1.291465 1.184754 0.511701 0.000000 
0.931355 1.293533 1.193571 0.514887 0.000000 
0.931355 1.293533 1.193571 0.514887 0.000000 
0.927294 1.276870 1.191097 0.518809 0.000000 
0.932370 1.278679 1.200094 0.517843 0.000000 
0.924255 1.280392 1.208849 0.512239 0.000000 
0.924255 1.280392 1.208849 0.512239 0.000000 
0.926254 1.288482 1.213594 0.496987 0.000000 
0.926254 1.288482 1.213594 0.496987 0.000000 
0.915443 1.298160 1.202267 0.492460 0.000000 
0.915443 1.298160 1.202267 0.492460 0.000000 
0.926085 1.296830 1.184644 0.478171 0.000000 
0.926085 1.296830 1.184644 0.478171 0.000000 
0.937267 1.292748 1.169555 0.473653 0.000000 
0.949668 1.297229 1.164676 0.462146 0.000000 
0.941240 1.307853 1.173666 0.457582 0.000000 
0.941240 1.307853 1.173666 0.457582 0.000000 
0.941240 1.307853 1.173666 0.457582 0.000000 
0.931148 1.297634 1.186348 0.459465 0.000000 
0.931148 1.297634 1.186348 0.459465 0.000000 
0.946145 1.302724 1.167059 0.451463 0.000000 
0.949493 1.299361 1.167707 0.433146 0.000000 
0.940296 1.295912 1.166380 0.419560 0.000000 
0.946731 1.295778 1.184130 0.410856 0.000000 
0.946731 1.295778 1.184130 0.410856 0.000000 
0.937674 1.299080 1.181791 0.407730 0.000000 
0.924344 1.305058 1.182316 0.407948 0.000000 
0.913623 1.294112 1.184453 0.408256 0.000000 
0.902960 1.282041 1.195228 0.406579 0.000000 
0.902960 1.282041 1.195228 0.406579 0.000000 
0.905631 1.282102 1.197944 0.392976 0.000000 
0.905631 1.282102 1.197944 0.392976 0.000000 
0.905631 1.282102 1.197944 0.392976 0.000000 
0.928119 1.284923 1.201742 0.390803 0.000000 
0.928119 1.284923 1.201742 0.390803 0.000000 
0.932803 1.281481 1.210371 0.380619 0.000000 
0.943790 1.281260 1.209821 0.373531 0.000000 
0.943790 1.281260 1.209821 0.373531 0.000000 
0.939666 1.294059 1.214651 0.361283 0.000000 
0.913439 1.300316 1.222320 0.360472 0.000000 
0.913439 1.300316 1.222320 0.360472 0.000000 
0.902373 1.298151 1.207386 0.368838 0.000000 
0.902714 1.303294 1.215087 0.370557 0.000000 
0.888413 1.318062 1.217681 0.365572 0.000000 
0.879177 1.326768 1.232666 0.354929 0.000000 
0.879177 1.326768 1.232666 0.354929 0.000000 
0.879712 1.336652 1.242554 0.357940 0.000000 
0.871372 1.323889 1.248960 0.358308 0.000000 
0.871372 1.323889 1.248960 0.358308 0.000000 
0.869202 1.316392 1.259267 0.364512 0.000000 
0.870812 1.320196 1.253517 0.351553 0.000000 
0.867930 1.319083 1.255623 0.343386 0.000000 
0.853101 1.315901 1.247328 0.340173 0.000000 
0.837967 1.300279 1.257515 0.343824 0.000000 
0.837967 1.300279 1.257515 0.343824 0.000000 
0.845444 1.311903 1.269795 0.322390 0.000000 
0.830020 1.311342 1.270162 0.317419 0.000000 
0.830020 1.311342 1.270162 0.317419 0.000000 
0.830020 1.311342 1.270162 0.317419 0.000000 
0.822432 1.318775 1.284233 0.318532 0.000000 
0.818266 1.307951 1.289237 0.294352 0.000000 
0.807790 1.314852 1.288005 0.284158 0.000000 
0.833026 1.331850 1.288475 0.268030 0.000000 
0.833026 1.331850 1.288475 0.268030 0.000000 
0.829547 1.358046 1.284505 0.260846 0.000000 
0.829547 1.358046 1.284505 0.260846 0.000000 
0.818908 1.359013 1.289055 0.247419 0.000000 
0.828978 1.344451 1.284589 0.234668 0.000000 
0.828978 1.344451 1.284589 0.234668 0.000000 
0.826534 1.349587 1.306412 0.226008 0.000000 
0.823904 1.342512 1.305509 0.226749 0.000000 
0.823904 1.342512 1.305509 0.226749 0.000000 
0.807079 1.342124 1.312514 0.222459 0.000000 
0.807079 1.342124 1.312514 0.222459 0.000000 
0.803190 1.310146 1.315654 0.229682 0.000000 
0.813890 1.297718 1.314000 0.210959 0.000000 
0.828015 1.299827 1.316684 0.206292 0.000000 
0.823214 1.294348 1.310499 0.191813 0.000000 
0.823214 1.294348 1.310499 0.191813 0.000000 
0.835721 1.293203 1.309681 0.191274 0.000000 
0.833408 1.303105 1.301521 0.183545 0.000000 
0.852659 1.305955 1.296674 0.181439 0.000000 
0.852659 1.305955 1.296674 0.181439 0.000000 
0.846994 1.311400 1.302348 0.171837 0.000000 
0.844974 1.308345 1.292533 0.166682 0.000000 
0.844974 1.308345 1.292533 0.166682 0.000000 
0.854424 1.303321 1.299841 0.166568 0.000000 
0.854424 1.303321 1.299841 0.166568 0.000000 
0.866495 1.293834 1.293681 0.154291 0.000000 
0.872736 1.304199 1.290456 0.143972 0.000000 
0.872736 1.304199 1.290456 0.143972 0.000000 
0.881152 1.308847 1.294471 0.132746 0.000000 
0.869162 1.304256 1.292899 0.125557 0.000000 
0.868339 1.305260 1.283731 0.122384 0.000000 
0.868339 1.305260 1.283731 0.122384 0.000000 
0.861506 1.317300 1.281533 0.112085 0.000000 
0.861506 1.317300 1.281533 0.112085 0.000000 
0.861506 1.317300 1.281533 0.112085 0.000000 
0.851573 1.309180 1.283311 0.120054 0.000000 
0.839363 1.313926 1.302964 0.105048 0.000000 
0.839363 1.313926 1.302964 0.105048 0.000000 
0.826494 1.311290 1.305191 0.099435 0.000000 
0.826494 1.311290 1.305191 0.099435 0.000000 
0.826494 1.311290 1.305191 0.099435 0.000000 
0.831930 1.312664 1.301758 0.107428 0.000000 
0.831930 1.312664 1.301758 0.107428 0.000000 
0.825584 1.294843 1.304175 0.108242 0.000000 
0.825584 1.294843 1.304175 0.108242 0.000000 
0.827813 1.285293 1.322722 0.116658 0.000000 
0.827813 1.285293 1.322722 0.116658 0.000000 
0.827813 1.285293 1.322722 0.116658 0.000000 
0.827813 1.285293 1.322722 0.116658 0.000000 
0.838477 1.277333 1.337763 0.110455 0.000000 
0.857216 1.286341 1.334730 0.095378 0.000000 
0.860690 1.299791 1.337578 0.084395 0.000000 
0.845715 1.289618 1.337562 0.080780 0.000000 
0.845715 1.289618 1.337562 0.080780 0.000000 
0.856996 1.291660 1.338396 0.088171 0.000000 
0.866369 1.285195 1.339542 0.089672 0.000000 
0.875966 1.286858 1.339783 0.084729 0.000000 
0.875966 1.286858 1.339783 0.084729 0.000000 
0.886343 1.280877 1.340664 0.099505 0.000000 
0.886343 1.280877 1.340664 0.099505 0.000000 
0.886343 1.280877 1.340664 0.099505 0.000000 
0.874536 1.281477 1.339517 0.109547 0.000000 
0.869221 1.285285 1.335363 0.106309 0.000000 
0.869221 1.285285 1.335363 0.106309 0.000000 
0.869221 1.285285 1.335363 0.106309 0.000000 
0.854658 1.266975 1.349506 0.118301 0.000000 
0.854658 1.266975 1.349506 0.118301 0.000000 
0.839594 1.261819 1.347325 0.113941 0.000000 
0.839594 1.261819 1.347325 0.113941 0.000000 
0.850457 1.250795 1.357718 0.124087 0.000000 
0.850457 1.250795 1.357718 0.124087 0.000000 
0.858007 1.256297 1.363160 0.109988 0.000000 
0.858007 1.256297 1.363160 0.109988 0.000000 
0.863428 1.239091 1.363256 0.110319 0.000000 
0.863428 1.239091 1.363256 0.110319 0.000000 
0.850377 1.236844 1.371149 0.101891 0.000000 
0.850377 1.236844 1.371149 0.101891 0.000000 
0.838486 1.234931 1.378963 0.095419 0.000000 
0.832045 1.233112 1.376991 0.085049 0.000000 
0.832045 1.233112 1.376991 0.085049 0.000000 
0.816824 1.242616 1.375349 0.080120 0.000000 
0.816824 1.242616 1.375349 0.080120 0.000000 
0.785635 1.254236 1.363644 0.085852 0.000000 
0.772503 1.253317 1.369427 0.078409 0.000000 
0.772503 1.253317 1.369427 0.078409 0.000000 
0.780744 1.253892 1.364205 0.076947 0.000000 
0.780744 1.253892 1.364205 0.076947 0.000000 
0.778835 1.251261 1.365837 0.081395 0.000000 
0.764173 1.258788 1.355759 0.055563 0.000000 
0.764173 1.258788 1.355759 0.055563 0.000000 
0.766158 1.261549 1.351813 0.037835 0.000000 
0.766158 1.261549 1.351813 0.037835 0.000000 
0.766158 1.261549 1.351813 0.037835 0.000000 
0.762127 1.272061 1.353311 0.040391 0.000000 
0.767447 1.267376 1.370407 0.036110 0.000000 
0.768158 1.263719 1.378807 0.021952 0.000000 
0.768158 1.263719 1.378807 0.021952 0.000000 
0.784147 1.258197 1.388987 0.017259 0.000000 
0.784147 1.258197 1.388987 0.017259 0.000000 
0.765673 1.250786 1.389179 0.009158 0.000000 
0.774907 1.244772 1.392961 0.011621 0.000000 
0.771337 1.246706 1.398405 -0.001279 0.000000 
0.778191 1.233971 1.402790 -0.023064 0.000000 
0.754246 1.231883 1.404423 -0.024387 0.000000 
0.743083 1.217278 1.413671 -0.021782 0.000000 
0.737549 1.211519 1.421797 -0.024491 0.000000 
0.737549 1.211519 1.421797 -0.024491 0.000000 
0.730740 1.210304 1.418229 -0.019698 0.000000 
0.730740 1.210304 1.418229 -0.019698 0.000000 
0.729731 1.186553 1.415802 -0.024190 0.000000 
0.728463 1.199110 1.403838 -0.047283 0.000000 
0.747943 1.195996 1.411770 -0.052553 0.000000 
0.747943 1.195996 1.411770 -0.052553 0.000000 
0.747943 1.195996 1.411770 -0.052553 0.000000 
0.746120 1.201514 1.415603 -0.055974 0.000000 
0.746120 1.201514 1.415603 -0.055974 0.000000 
0.742398 1.200838 1.417954 -0.058410 0.000000 
0.742398 1.200838 1.417954 -0.058410 0.000000 
0.742398 1.200838 1.417954 -0.058410 0.000000 
0.746948 1.192450 1.407693 -0.057705 0.000000 
0.746948 1.192450 1.407693 -0.057705 0.000000 
0.740268 1.194308 1.403857 -0.071060 0.000000 
0.740268 1.194308 1.403857 -0.071060 0.000000 
0.721615 1.189970 1.401498 -0.079099 0.000000 
0.718479 1.172509 1.398696 -0.080112 0.000000 
0.704519 1.172352 1.382842 -0.085210 0.000000 
0.701794 1.167106 1.362744 -0.099234 0.000000 
0.718147 1.158731 1.373055 -0.105726 0.000000 
0.718147 1.158731 1.373055 -0.105726 0.000000 
0.715213 1.160938 1.374762 -0.096464 0.000000 
0.689764 1.153611 1.366494 -0.108102 0.000000 
0.689764 1.153611 1.366494 -0.108102 0.000000 
0.700118 1.156196 1.360523 -0.105685 0.000000 
0.684493 1.155305 1.346459 -0.121300 0.000000 
0.684493 1.155305 1.346459 -0.121300 0.000000 
0.684305 1.158689 1.359547 -0.122173 0.000000 
0.683116 1.153200 1.342950 -0.133240 0.000000 
0.672819 1.147815 1.348293 -0.145592 0.000000 
0.672819 1.147815 1.348293 -0.145592 0.000000 
0.683995 1.132461 1.344358 -0.165402 0.000000 
0.683995 1.132461 1.344358 -0.165402 0.000000 
0.685739 1.116079 1.336588 -0.153428 0.000000 
0.670620 1.112123 1.338428 -0.155433 0.000000 
0.655407 1.107599 1.338266 -0.160443 0.000000 
0.657085 1.083984 1.328257 -0.147440 0.000000 
0.658063 1.074491 1.335232 -0.143456 0.000000 
0.658063 1.074491 1.335232 -0.143456 0.000000 
0.666283 1.089558 1.326355 -0.153076 0.000000 
0.666283 1.089558 1.326355 -0.153076 0.000000 
0.666283 1.089558 1.326355 -0.153076 0.000000 
0.666283 1.089558 1.326355 -0.153076 0.000000 
0.671818 1.085211 1.324893 -0.167065 0.000000 
0.692614 1.083635 1.311524 -0.173369 0.000000 
0.690850 1.078756 1.290258 -0.172360 0.000000 
0.704220 1.072993 1.292176 -0.180475 0.000000 
0.704220 1.072993 1.292176 -0.180475 0.000000 
0.711603 1.071310 1.287365 -0.176767 0.000000 
0.706487 1.068443 1.303730 -0.180358 0.000000 
0.706487 1.068443 1.303730 -0.180358 0.000000 
0.714822 1.075845 1.305243 -0.185043 0.000000 
0.714822 1.075845 1.305243 -0.185043 0.000000 
0.724586 1.059367 1.297968 -0.187315 0.000000 
0.724586 1.059367 1.297968 -0.187315 0.000000 
0.716570 1.055946 1.304393 -0.197829 0.000000 
0.720088 1.047567 1.299572 -0.189958 0.000000 
0.720088 1.047567 1.299572 -0.189958 0.000000 
0.742773 1.044483 1.312945 -0.192966 0.000000 
0.742773 1.044483 1.312945 -0.192966 0.000000 
0.742412 1.047100 1.296076 -0.194216 0.000000 
0.742412 1.047100 1.296076 -0.194216 0.000000 
0.742412 1.047100 1.296076 -0.194216 0.000000 
0.741781 1.052984 1.291341 -0.187003 0.000000 
0.741781 1.052984 1.291341 -0.187003 0.000000 
0.741781 1.052984 1.291341 -0.187003 0.000000 
0.726614 1.030723 1.282908 -0.195141 0.000000 
0.717537 1.017008 1.271765 -0.190899 0.000000 
0.717537 1.017008 1.271765 -0.190899 0.000000 
0.732119 1.022303 1.280388 -0.195100 0.000000 
0.739863 1.022043 1.268927 -0.205248 0.000000 
0.750227 1.018100 1.278965 -0.214224 0.000000 
0.750227 1.018100 1.278965 -0.214224 0.000000 
0.750227 1.018100 1.278965 -0.214224 0.000000 
0.764122 1.035335 1.290578 -0.210675 0.000000 
0.764122 1.035335 1.290578 -0.210675 0.000000 
0.751940 1.012774 1.300527 -0.208679 0.000000 
0.724196 1.004793 1.301630 -0.213097 0.000000 
0.719396 1.000742 1.314004 -0.209365 0.000000 
0.709012 1.000810 1.310504 -0.232253 0.000000 
0.709012 1.000810 1.310504 -0.232253 0.000000 
0.724953 0.989440 1.300256 -0.219403 0.000000 
0.724953 0.989440 1.300256 -0.219403 0.000000 
0.729428 0.991933 1.286706 -0.217026 0.000000 
0.729428 0.991933 1.286706 -0.217026 0.000000 
0.726248 0.986052 1.296212 -0.207079 0.000000 
0.726248 0.986052 1.296212 -0.207079 0.000000 
0.726248 0.986052 1.296212 -0.207079 0.000000 
0.726248 0.986052 1.296212 -0.207079 0.000000 
0.721892 0.990360 1.281952 -0.211503 0.000000 
0.729881 0.978740 1.268815 -0.203776 0.000000 
0.729881 0.978740 1.268815 -0.203776 0.000000 
0.726093 0.978078 1.262208 -0.186311 0.000000 
0.726093 0.978078 1.262208 -0.186311 0.000000 
0.731542 0.985474 1.263248 -0.191520 0.000000 
0.745868 0.992526 1.281053 -0.207587 0.000000 
0.746065 0.983446 1.282580 -0.203989 0.000000 
0.745072 0.977117 1.272748 -0.218480 0.000000 
0.745072 0.977117 1.272748 -0.218480 0.000000 
0.745072 0.977117 1.272748 -0.218480 0.000000 
0.731714 0.965035 1.270894 -0.236092 0.000000 
0.727663 0.960636 1.271362 -0.234317 0.000000 
0.742082 0.962973 1.258829 -0.237079 0.000000 
0.732935 0.947934 1.255726 -0.245694 0.000000 
0.742553 0.952876 1.240768 -0.252576 0.000000 
0.744905 0.956081 1.231539 -0.268745 0.000000 
0.753057 0.957596 1.233689 -0.279586 0.000000 
0.753057 0.957596 1.233689 -0.279586 0.000000 
0.752672 0.956856 1.238937 -0.289138 0.000000 
0.752672 0.956856 1.238937 -0.289138 0.000000 
0.752672 0.956856 1.238937 -0.289138 0.000000 
0.748210 0.955467 1.222518 -0.273800 0.000000 
0.748210 0.955467 1.222518 -0.273800 0.000000 
0.756169 0.954974 1.230220 -0.270094 0.000000 
0.754497 0.933657 1.225169 -0.261149 0.000000 
0.751036 0.907906 1.227292 -0.269824 0.000000 
0.773574 0.906488 1.227921 -0.274032 0.000000 
0.773574 0.906488 1.227921 -0.274032 0.000000 
0.773574 0.906488 1.227921 -0.274032 0.000000 
0.765768 0.915009 1.215643 -0.277450 0.000000 
0.765768 0.915009 1.215643 -0.277450 0.000000 
0.764593 0.912731 1.221629 -0.270782 0.000000 
0.764593 0.912731 1.221629 -0.270782 0.000000 
0.746255 0.907516 1.218140 -0.280408 0.000000 
0.755757 0.892657 1.209823 -0.285422 0.000000 
0.780628 0.887907 1.216738 -0.286059 0.000000 
0.782059 0.890659 1.214609 -0.297789 0.000000 
0.800349 0.875787 1.207581 -0.305015 0.000000 
0.804553 0.872714 1.204263 -0.307223 0.000000 
0.804553 0.872714 1.204263 -0.307223 0.000000 
0.811659 0.878687 1.207577 -0.314585 0.000000 
0.811659 0.878687 1.207577 -0.314585 0.000000 
0.818306 0.864923 1.191465 -0.312677 0.000000 
0.813684 0.856216 1.200874 -0.322713 0.000000 
0.813684 0.856216 1.200874 -0.322713 0.000000 
0.813684 0.856216 1.200874 -0.322713 0.000000 
0.821722 0.846605 1.204075 -0.309336 0.000000 
0.812240 0.829442 1.210989 -0.306866 0.000000 
0.812832 0.830837 1.206214 -0.330523 0.000000 
0.816352 0.828126 1.212375 -0.349554 0.000000 
0.826333 0.821880 1.210700 -0.349766 0.000000 
0.841303 0.804666 1.205902 -0.350843 0.000000 
0.841303 0.804666 1.205902 -0.350843 0.000000 
0.836091 0.796681 1.191465 -0.354246 0.000000 
0.836091 0.796681 1.191465 -0.354246 0.000000 
0.836091 0.796681 1.191465 -0.354246 0.000000 
0.830699 0.797415 1.174991 -0.378386 0.000000 
0.843841 0.795194 1.190664 -0.377848 0.000000 
0.843841 0.795194 1.190664 -0.377848 0.000000 
0.847526 0.787353 1.197249 -0.379989 0.000000 
0.838330 0.756047 1.196294 -0.379130 0.000000 
0.841790 0.753948 1.203743 -0.394459 0.000000 
0.841790 0.753948 1.203743 -0.394459 0.000000 
0.825314 0.759497 1.212600 -0.394969 0.000000 
0.826506 0.746877 1.212273 -0.403872 0.000000 
0.829112 0.745989 1.217282 -0.409136 0.000000 
0.829112 0.745989 1.217282 -0.409136 0.000000 
0.824556 0.761144 1.213192 -0.431341 0.000000 
0.824556 0.761144 1.213192 -0.431341 0.000000 
0.821723 0.762888 1.196973 -0.428726 0.000000 
